 00 01 11.15 -10 01 55.7
 00 03 08.48 +15 48 42.2
 00 17 28.84 -00 18 26.8
 00 26 29.13 +00 05 09.6
 00 31 08.82 +14 45 43.4
 00 40 42.10 -11 09 57.7
 00 56 33.36 +00 05 10.2
 00 58 42.93 -09 41 02.4
 01 06 00.57 +15 24 41.9
 01 07 12.04 +14 08 45.0
 01 17 49.81 -10 01 14.7
 01 20 58.24 -00 07 09.1
 01 21 50.64 -10 05 10.0
 01 24 23.99 +13 43 25.4
 01 48 16.21 +12 50 18.0
 02 03 07.71 +14 08 16.9
 02 27 56.28 +00 57 33.2
 02 28 49.52 -09 01 53.9
 02 44 02.24 -09 15 40.9
 02 49 12.87 -08 15 25.7
 03 04 17.78 +00 28 27.4
 03 17 43.12 +00 19 36.9
 03 25 15.59 +00 34 08.4
 03 26 06.77 +01 14 29.7
 03 27 07.33 -07 56 39.4
 03 41 41.07 -05 53 15.4
 07 31 06.87 +39 26 44.7
 07 36 31.82 +38 30 58.3
 07 39 56.03 +40 28 16.3
 07 42 51.09 +33 34 03.9
 07 44 23.45 +24 30 46.3
 07 44 24.48 +33 20 34.8
 07 46 59.82 +44 07 28.8
 07 48 10.37 +45 40 03.1
 07 48 31.91 +46 44 55.5
 07 49 48.33 +26 47 34.2
 07 50 38.12 +31 57 37.1
 07 57 09.34 +42 36 16.4
 08 03 03.63 +51 57 29.1
 08 03 52.99 +26 31 23.4
 08 05 11.91 +06 41 19.5
 08 05 37.37 +36 25 22.1
 08 06 29.81 +24 19 55.7
 08 07 43.73 +34 54 54.4
 08 09 07.57 +44 16 41.5
 08 12 07.99 +32 04 53.1
 08 15 47.55 +32 42 13.7
 08 15 50.24 +25 06 41.0
 08 18 25.15 +47 29 50.3
 08 18 56.38 +45 49 08.2
 08 20 50.03 +24 39 09.1
 08 23 25.92 +06 51 06.5
 08 23 26.68 +51 36 05.2
 08 24 33.33 +38 00 13.1
 08 25 02.16 +08 26 14.9
 08 27 37.40 +27 29 17.3
 08 29 12.68 +50 06 52.3
 08 30 19.66 +08 47 25.1
 08 32 11.58 +50 24 08.6
 08 33 46.04 +06 20 26.6
 08 38 03.68 +54 06 42.1
 08 39 28.45 +08 21 02.4
 08 40 11.28 +07 59 15.8
 08 43 03.60 +36 10 11.2
 08 47 19.80 +38 00 43.7
 08 47 39.61 +36 04 44.4
 08 51 52.63 +52 28 33.0
 08 52 59.11 +41 22 03.0
 08 56 55.29 +44 26 53.4
 08 58 36.04 +35 36 34.3
 08 59 06.36 +54 21 50.2
 09 00 31.76 +43 27 09.0
 09 03 20.97 +04 57 38.1
 09 04 31.22 +07 53 30.9
 09 07 31.06 +44 54 28.5
 09 10 45.91 +48 03 39.4
 09 11 02.33 +55 00 23.1
 09 14 49.06 +08 53 21.1
 09 15 36.77 +06 25 40.6
 09 16 24.82 +38 34 33.5
 09 18 58.97 +05 38 44.3
 09 19 17.89 +05 09 53.0
 09 22 09.74 -00 32 22.4
 09 24 11.46 +02 23 21.8
 09 25 47.32 +05 02 31.7
 09 27 00.53 +08 43 29.5
 09 33 08.89 +53 47 49.0
 09 37 49.85 +58 55 22.7
 09 38 29.39 +03 48 26.7
 09 38 36.00 +38 36 13.4
 09 42 58.55 +08 38 10.1
 09 43 10.12 +60 45 59.2
 09 45 29.37 +09 36 10.4
 09 50 53.97 +63 21 45.7
 09 51 51.82 +06 01 43.7
 09 53 06.81 +36 50 28.1
 09 53 30.54 +56 26 53.5
 09 54 38.79 +40 32 04.3
 09 55 53.98 +53 48 46.1
 09 58 35.99 -00 59 42.6
 10 05 10.52 +54 32 55.5
 10 06 17.52 +36 57 03.1
 10 07 11.44 +58 17 14.3
 10 11 08.40 +00 29 08.7
 10 16 27.34 -00 07 14.6
 10 17 48.42 +40 51 16.4
 10 21 24.88 +01 27 20.3
 10 22 12.61 +38 37 42.8
 10 22 35.15 +02 29 30.5
 10 23 48.44 +04 05 53.7
 10 27 03.91 +48 50 23.9
 10 32 34.85 +65 02 27.9
 10 32 47.19 +11 45 21.2
 10 36 18.78 +05 19 58.1
 10 37 59.26 +61 53 10.8
 10 39 28.73 +56 20 58.2
 10 42 10.03 -00 18 14.8
 10 45 04.24 +11 45 08.8
 10 48 42.45 +41 33 02.3
 10 51 31.91 +50 42 23.2
 10 54 24.29 +45 41 30.5
 10 57 55.67 +48 25 02.0
 11 00 36.57 +06 41 21.4
 11 00 39.66 +08 59 27.1
 11 02 58.74 +46 38 11.5
 11 05 36.35 +09 18 05.6
 11 05 40.46 +03 53 09.1
 11 07 21.89 +12 48 10.4
 11 07 53.16 -00 07 17.7
 11 08 17.77 +10 54 43.0
 11 10 09.50 +01 48 02.6
 11 10 31.61 +02 20 43.2
 11 11 39.94 +40 58 16.5
 11 13 30.25 +48 42 41.4
 11 13 50.05 +55 03 38.6
 11 14 02.17 +02 08 51.5
 11 14 43.66 +52 58 34.3
 11 16 44.65 +40 26 35.6
 11 22 02.23 +53 42 53.6
 11 22 42.74 +41 43 55.5
 11 22 55.73 +52 38 25.3
 11 23 09.17 +43 31 34.8
 11 25 26.52 +02 20 39.1
 11 26 13.04 +10 51 02.7
 11 26 28.73 +47 24 53.9
 11 26 37.74 +51 34 23.0
 11 27 13.22 +46 25 30.6
 11 27 18.75 +58 50 25.1
 11 35 45.55 +64 40 05.3
 11 36 38.38 +42 45 53.0
 11 36 57.68 +41 13 18.5
 11 37 11.45 +12 39 51.5
 11 40 08.71 +03 07 11.4
 11 41 07.56 -02 49 10.8
 11 42 12.76 +45 10 37.6
 11 43 30.98 +64 32 48.6
 11 43 39.49 -02 43 16.3
 11 43 43.77 +55 00 19.3
 11 44 49.45 +44 23 00.5
 11 46 33.99 +10 02 45.0
 11 47 23.20 -02 50 04.7
 11 48 51.62 +51 45 28.7
 11 51 38.11 +56 13 31.9
 11 53 41.78 +46 12 42.3
 11 57 39.55 +59 34 14.3
 12 04 49.71 +51 00 43.9
 12 15 03.69 -01 32 10.6
 12 15 11.09 +45 09 45.1
 12 15 18.24 +01 47 51.2
 12 16 29.13 +60 18 23.5
 12 18 03.05 +50 17 28.3
 12 18 28.57 +53 31 37.0
 12 18 36.98 +09 13 23.6
 12 23 42.81 +58 14 46.2
 12 23 49.64 +07 26 57.9
 12 26 58.41 +42 18 35.3
 12 27 11.67 +63 06 46.9
 12 28 44.83 +65 42 34.5
 12 31 52.81 +00 10 33.7
 12 33 49.92 +63 49 57.1
 12 40 35.82 -00 29 19.5
 12 41 18.74 +01 00 40.1
 12 42 21.62 +57 53 04.0
 12 42 26.30 +52 10 28.2
 12 47 38.52 +62 12 43.1
 12 50 55.28 -01 55 56.8
 12 53 59.22 +65 59 07.6
 12 53 59.62 +46 27 50.1
 12 56 54.92 +49 40 54.4
 13 00 30.38 +01 02 47.5
 13 03 11.23 -00 45 32.7
 13 07 16.99 +45 06 45.3
 13 08 03.88 +50 52 26.7
 13 10 09.44 +02 33 43.7
 13 13 03.47 +63 32 35.2
 13 13 05.81 +01 27 55.9
 13 13 10.13 +05 19 42.2
 13 15 33.29 +12 22 00.5
 13 15 37.07 +15 19 55.3
 13 15 58.14 +13 54 14.6
 13 16 18.85 +02 14 07.5
 13 17 15.12 +48 46 30.3
 13 18 04.32 +41 17 34.6
 13 19 26.53 +10 56 11.0
 13 22 24.41 +42 26 43.4
 13 24 28.24 +04 46 29.7
 13 27 11.09 +65 36 18.1
 13 28 34.37 -03 07 44.8
 13 29 53.44 -02 55 23.4
 13 37 04.91 +02 20 50.2
 13 39 21.95 +54 45 27.7
 13 39 28.50 +40 32 29.9
 13 41 44.52 -00 58 32.8
 13 42 49.27 +48 27 23.7
 13 45 16.78 -01 10 54.8
 13 46 32.14 +64 23 25.1
 13 47 38.24 +47 43 01.9
 13 48 14.89 +02 13 16.3
 13 51 59.16 +02 50 34.0
 13 57 24.00 +65 41 16.6
 13 57 24.51 +65 25 05.9
 14 00 40.57 -01 55 18.3
 14 06 30.10 -00 19 39.6
 14 07 02.44 +13 55 37.7
 14 12 34.67 -00 35 00.1
 14 13 25.86 +43 41 01.3
 14 14 35.58 +00 33 12.6
 14 15 15.40 +04 36 16.0
 14 18 49.66 +46 49 43.4
 14 21 19.13 +63 13 00.2
 14 21 45.61 +62 17 13.8
 14 24 49.48 +01 23 53.6
 14 25 43.21 +34 49 52.9
 14 27 32.21 +34 30 39.1
 14 30 10.84 +57 22 02.1
 14 30 47.53 +56 57 29.1
 14 31 14.31 +45 27 05.9
 14 33 10.55 +52 58 30.5
 14 34 50.63 +03 38 42.6
 14 34 51.39 -02 24 39.8
 14 35 44.50 +57 24 27.9
 14 35 52.31 +34 13 45.5
 14 37 10.11 -01 40 54.5
 14 37 13.55 +54 58 18.7
 14 40 52.61 -02 35 06.3
 14 41 08.70 +35 19 58.8
 14 42 49.72 +61 11 37.8
 14 47 05.47 +00 36 53.2
 14 48 55.61 +57 10 39.0
 14 57 51.91 +00 00 11.5
 15 02 24.73 +45 23 53.9
 15 06 48.86 +34 13 06.8
 15 07 52.53 +51 51 11.1
 15 08 35.15 -01 31 06.3
 15 12 57.19 +03 11 36.4
 15 19 28.18 +33 36 28.1
 15 22 05.41 +39 34 41.3
 15 23 25.78 +39 59 02.3
 15 23 47.00 +54 17 20.4
 15 30 01.82 -02 04 15.1
 15 34 25.59 +04 08 06.7
 15 36 56.44 +31 22 48.1
 15 41 50.86 +31 00 37.2
 15 42 57.49 +03 06 53.3
 15 46 23.62 +47 51 22.2
 15 46 39.95 +44 29 30.0
 15 57 11.97 +39 09 28.9
 16 06 56.04 +37 19 17.8
 16 12 27.84 +01 01 59.9
 16 17 51.99 -00 19 57.4
 16 18 09.38 +36 19 57.8
 16 19 27.81 +39 58 32.3
 16 20 21.15 +30 10 20.5
 16 24 03.64 -00 54 10.4
 16 25 42.16 -00 43 30.2
 16 26 36.40 +35 02 42.1
 16 28 24.49 +45 28 11.0
 16 31 59.59 +24 37 40.3
 16 38 43.84 +47 30 51.7
 16 40 27.63 +47 12 56.5
 16 49 02.89 +22 39 59.5
 16 49 07.63 +64 24 22.3
 17 08 12.29 +60 15 12.7
 17 09 02.07 +64 17 28.1
 17 14 57.68 +54 44 55.0
 17 20 37.15 +57 48 56.3
 17 27 59.14 +54 21 47.1
 20 50 00.01 +00 31 24.8
 20 58 22.14 -06 50 04.4
 21 02 26.54 +00 07 02.3
 21 11 45.90 +09 38 13.7
 21 14 38.55 +11 13 21.2
 21 23 29.42 -08 12 55.0
 21 34 18.32 -06 43 35.3
 22 11 39.16 -01 05 35.1
 22 14 58.23 -08 20 20.6
 22 38 11.33 +14 33 43.4
 22 56 30.07 +14 10 20.7
 23 06 49.78 +00 50 23.4
 23 09 20.84 +15 01 34.8
 23 09 42.43 -10 35 29.5
 23 31 08.07 -09 47 11.8
 23 38 37.09 -00 28 10.5
 23 38 53.83 +00 48 12.5
 23 41 43.38 -00 55 18.6
 23 48 07.14 -09 12 02.6
 23 50 59.66 +14 57 06.3
 23 51 29.98 +00 04 03.7
 23 58 33.21 +00 34 53.5
