Search Results

Searching for first_cat sources within 30.0000 arcsec of 309 input positions

21 sources found

                                                                                    FIRST Catalog Database (2014dec17)                                                                                    
-------------+-------------------------------------------------------------------------------------------------------------------------------------------------------------------------------------------------------------
Do  Get Get  | Search     RA (2000)   Dec (2000)   Side   Peak     Int.     RMS   Deconv.  Deconv.  Deconv  Meas.     Meas.      Meas.    Field Name   SDSS Closest SDSS  SD 2MAS Closest 2MASS  Mean      Mean      RMS    
NED Opt FRST | Distance                            lobe   Flux     Flux    (mJy/   MajAx    MinAx   PosAng  MajAx     MinAx     PosAng                 Mtch  SDSS    i    Cl Mtch 2MASS    K     Epoch    Epoch     Epoch   
SrchImg Img  | (arcsec)                            Prob  (mJy/bm)  (mJy)   beam)  (arcsec) (arcsec) (deg)  (arcsec)  (arcsec)  (degrees)               <8"  Sep(")  (mag)    <8"  Sep(")  (mag) (year)    (MJD)     (MJD)   
-------------+-------------------------------------------------------------------------------------------------------------------------------------------------------------------------------------------------------------
NED OPT FIMG |    25.1  10 37 58.387 +61 53 35.15 0.014     2.71     3.08  0.139     2.57     1.24   23.3      5.98      5.54       23.3 10360+61403J    1    4.52 24.18  g    0   99.00 99.00 2002.555 2452478.1    11.145
NED OPT FIMG |     0.6  12 16 29.057 +60 18 23.30 0.016     1.51     1.03  0.154     0.00     0.00   89.4      4.54      4.41       89.4 12180+60210J    1    0.66 16.66  g    1    0.44 14.62 2002.515 2452463.6     1.374
NED OPT FIMG |    22.1  10 05 12.400 +54 32 40.69 0.014     1.35     0.86  0.150     0.00     0.00   90.3      4.35      4.28       90.3 10060+54251G    1    0.75 19.81  g    0   99.00 99.00 1997.364 2450582.3     1.302
NED OPT FIMG |     0.4  11 22 55.771 +52 38 25.10 0.014     2.44     2.55  0.131     2.27     0.00    7.7      5.86      5.21        7.7 11240+53003F    1    0.36 14.73  g    2    0.38 13.34 1997.338 2450572.7     0.228
NED OPT FIMG |    13.3  08 51 51.387 +52 28 26.16 0.089     1.79     3.74  0.144     5.65     5.61   90.0      7.81      7.79       90.0 08510+52196F    1    0.85 16.12  g    1    0.92 14.49 1997.339 2450573.1     0.494
NED OPT FIMG |     0.5  16 28 24.516 +45 28 11.39 0.053     1.04     0.68  0.140     0.00     0.00  179.7      4.44      4.36      179.7 16300+45351F    1    0.43 18.39  g    0   99.00 99.00 1997.194 2450520.3     4.329
NED OPT FIMG |     1.1  11 22 42.838 +41 43 55.67 0.016     1.34     2.38  0.149     4.82     4.71   26.7      7.24      7.17       26.7 11240+41450E    1    1.10 17.22  g    1    0.96 15.07 1994.679 2449601.2     2.586
NED OPT FIMG |     1.4  15 22 05.513 +39 34 40.53 0.014     1.89     2.52  0.139     4.74     0.42  113.2      7.19      5.42      113.2 15210+39393E   -1   99.00 99.00  -    1    0.57 13.16 1994.626 2449582.1     2.577
NED OPT FIMG |     1.0  08 24 33.381 +38 00 13.90 0.663     1.03     2.07  0.143     6.31     4.55    0.5      8.30      7.06        0.5 08240+38071E    3    0.96 15.83  g    1    0.85 14.23 1994.589 2449568.6     2.364
NED OPT FIMG |     0.1  07 42 51.086 +33 34 03.86 0.014     4.22     3.18  0.214     0.00     0.00    0.0      4.71      4.67        0.0 07420+33389G    1    0.10 17.80  g    1    0.39 15.11 1997.247 2450539.7   121.150
NED OPT FIMG |     0.3  16 20 21.145 +30 10 20.81 0.014     1.56     1.43  0.145     1.58     0.00   39.8      5.63      4.75       39.8 16210+30170E    3    0.30 16.21  g    1    0.19 14.55 1993.292 2449095.1     4.831
NED OPT FIMG |     0.3  07 49 48.349 +26 47 34.25 0.014     4.57     4.53  0.129     0.87     0.00   72.3      5.47      5.29       72.3 07510+27003E    1    0.25 17.18  g    1    0.08 14.82 1995.862 2450033.0     0.485
NED OPT FIMG |    23.1  13 15 37.063 +15 20 18.42 0.014     2.17     2.36  0.142     3.53     0.00  132.1      6.45      4.93      132.1 13150+15180I    1    0.32 20.48  g    0   99.00 99.00 1999.957 2451528.8     0.881
NED OPT FIMG |     0.4  10 45 04.256 +11 45 08.50 0.107     1.03     1.04  0.132     4.20     0.00   43.6      6.84      4.35       43.6 10450+11464I    1    0.44 15.61  g    1    0.47 14.25 2000.015 2451549.9     0.000
NED OPT FIMG |     2.1  09 14 49.019 +08 53 23.10 0.096     1.12     1.44  0.153     3.84     1.87  172.3      6.62      5.71      172.3 09150+08421I    2    1.74 16.49  g    2    1.82 13.82 2000.059 2451565.9     0.975
NED OPT FIMG |     0.2  13 24 28.234 +04 46 29.54 0.014     2.31     2.33  0.140     1.41     0.00    7.6      5.58      5.29        7.6 13240+04464I    1    0.14 14.94  g    1    0.14 13.30 2000.206 2451619.8   103.867
NED OPT FIMG |     0.2  03 17 43.134 +00 19 36.76 0.014     1.64     1.82  0.100     2.40     1.18  116.5      6.60      5.81      169.6 03165+00130Z    1    0.28 16.51  g    1    0.29 14.97 1999.296 2451287.6  1234.731
NED OPT FIMG |     1.6  12 40 35.721 -00 29 20.12 0.060     1.16     1.29  0.150     5.04     0.00   72.3      7.49      5.13       65.6 12420-00260R    1    1.65 17.02  g    1    1.91 14.23 1998.617 2451039.6     1.380
NED OPT FIMG |     0.1  23 41 43.384 -00 55 18.58 0.014     3.50     3.78  0.135     2.12     0.73   71.6      6.48      5.75        7.7 23420-00520Z    1    0.03 16.13  g    1    0.08 14.62 1995.877 2450038.8     0.411
NED OPT FIMG |     1.5  14 00 40.497 -01 55 17.34 0.014     1.89     2.69  0.153     5.13     2.41  148.1      8.06      6.10      159.3 14000-01440G    2    1.38 15.20  g    1    1.26 13.24 1998.636 2451046.8     1.559
NED OPT FIMG |     0.4  13 28 34.350 -03 07 45.00 0.014     9.01     8.81  0.147     0.00     0.00   78.0      6.32      5.35        0.6 13300-03020G    1    0.33 16.24  g    1    0.36 14.50 1998.696 2451068.7     1.963
-------------+-------------------------------------------------------------------------------------------------------------------------------------------------------------------------------------------------------------
NED OPT FIMG |          00 01 11.150 -10 01 55.70                          0.151 
NED OPT FIMG |          00 03 08.480 +15 48 42.20                         -1.000*
NED OPT FIMG |          00 17 28.840 -00 18 26.80                          0.113 
NED OPT FIMG |          00 26 29.130 +00 05 09.60                          0.104 
NED OPT FIMG |          00 31 08.820 +14 45 43.40                          0.145 
NED OPT FIMG |          00 40 42.100 -11 09 57.70                          0.133 
NED OPT FIMG |          00 56 33.360 +00 05 10.20                          0.102 
NED OPT FIMG |          00 58 42.930 -09 41 02.40                          0.150 
NED OPT FIMG |          01 06 00.570 +15 24 41.90                         -1.000*
NED OPT FIMG |          01 07 12.040 +14 08 45.00                         -1.000*
NED OPT FIMG |          01 17 49.810 -10 01 14.70                          0.134 
NED OPT FIMG |          01 20 58.240 -00 07 09.10                          0.101 
NED OPT FIMG |          01 21 50.640 -10 05 10.00                          0.146 
NED OPT FIMG |          01 24 23.990 +13 43 25.40                         -1.000*
NED OPT FIMG |          01 48 16.210 +12 50 18.00                          0.266 
NED OPT FIMG |          02 03 07.710 +14 08 16.90                         -1.000*
NED OPT FIMG |          02 27 56.280 +00 57 33.20                          0.145 
NED OPT FIMG |          02 28 49.520 -09 01 53.90                          0.150 
NED OPT FIMG |          02 44 02.240 -09 15 40.90                          0.156 
NED OPT FIMG |          02 49 12.870 -08 15 25.70                          0.159 
NED OPT FIMG |          03 04 17.780 +00 28 27.40                          0.104 
NED OPT FIMG |          03 25 15.590 +00 34 08.40                          0.140 
NED OPT FIMG |          03 26 06.770 +01 14 29.70                          0.151*
NED OPT FIMG |          03 27 07.330 -07 56 39.40                          0.256 
NED OPT FIMG |          03 41 41.070 -05 53 15.40                          0.212 
NED OPT FIMG |          07 31 06.870 +39 26 44.70                          0.129 
NED OPT FIMG |          07 36 31.820 +38 30 58.30                          0.136 
NED OPT FIMG |          07 39 56.030 +40 28 16.30                          0.134 
NED OPT FIMG |          07 44 23.450 +24 30 46.30                          0.140 
NED OPT FIMG |          07 44 24.480 +33 20 34.80                          0.153 
NED OPT FIMG |          07 46 59.820 +44 07 28.80                          0.134 
NED OPT FIMG |          07 48 10.370 +45 40 03.10                          0.137 
NED OPT FIMG |          07 48 31.910 +46 44 55.50                          0.135 
NED OPT FIMG |          07 50 38.120 +31 57 37.10                          0.151 
NED OPT FIMG |          07 57 09.340 +42 36 16.40                          0.145 
NED OPT FIMG |          08 03 03.630 +51 57 29.10                          0.150 
NED OPT FIMG |          08 03 52.990 +26 31 23.40                          0.145 
NED OPT FIMG |          08 05 11.910 +06 41 19.50                          0.150 
NED OPT FIMG |          08 05 37.370 +36 25 22.10                          0.149 
NED OPT FIMG |          08 06 29.810 +24 19 55.70                          0.605 
NED OPT FIMG |          08 07 43.730 +34 54 54.40                          0.133 
NED OPT FIMG |          08 09 07.570 +44 16 41.50                          0.141 
NED OPT FIMG |          08 12 07.990 +32 04 53.10                          0.141 
NED OPT FIMG |          08 15 47.550 +32 42 13.70                          0.150 
NED OPT FIMG |          08 15 50.240 +25 06 41.00                          0.154 
NED OPT FIMG |          08 18 25.150 +47 29 50.30                          0.142 
NED OPT FIMG |          08 18 56.380 +45 49 08.20                          0.134 
NED OPT FIMG |          08 20 50.030 +24 39 09.10                          0.132 
NED OPT FIMG |          08 23 25.920 +06 51 06.50                          0.151 
NED OPT FIMG |          08 23 26.680 +51 36 05.20                          0.150 
NED OPT FIMG |          08 25 02.160 +08 26 14.90                          0.143 
NED OPT FIMG |          08 27 37.400 +27 29 17.30                          0.141 
NED OPT FIMG |          08 29 12.680 +50 06 52.30                          0.135 
NED OPT FIMG |          08 30 19.660 +08 47 25.10                          0.161 
NED OPT FIMG |          08 32 11.580 +50 24 08.60                          0.145 
NED OPT FIMG |          08 33 46.040 +06 20 26.60                          0.150 
NED OPT FIMG |          08 38 03.680 +54 06 42.10                          0.139 
NED OPT FIMG |          08 39 28.450 +08 21 02.40                          0.143 
NED OPT FIMG |          08 40 11.280 +07 59 15.80                          0.137 
NED OPT FIMG |          08 43 03.600 +36 10 11.20                          0.148 
NED OPT FIMG |          08 47 19.800 +38 00 43.70                          0.141 
NED OPT FIMG |          08 47 39.610 +36 04 44.40                          0.126 
NED OPT FIMG |          08 52 59.110 +41 22 03.00                          0.138 
NED OPT FIMG |          08 56 55.290 +44 26 53.40                          0.129 
NED OPT FIMG |          08 58 36.040 +35 36 34.30                          0.140 
NED OPT FIMG |          08 59 06.360 +54 21 50.20                          0.141 
NED OPT FIMG |          09 00 31.760 +43 27 09.00                          0.133 
NED OPT FIMG |          09 03 20.970 +04 57 38.10                          0.152 
NED OPT FIMG |          09 04 31.220 +07 53 30.90                          0.146 
NED OPT FIMG |          09 07 31.060 +44 54 28.50                          0.136 
NED OPT FIMG |          09 10 45.910 +48 03 39.40                          0.134 
NED OPT FIMG |          09 11 02.330 +55 00 23.10                          0.148 
NED OPT FIMG |          09 15 36.770 +06 25 40.60                          0.152 
NED OPT FIMG |          09 16 24.820 +38 34 33.50                          0.222 
NED OPT FIMG |          09 18 58.970 +05 38 44.30                          0.154 
NED OPT FIMG |          09 19 17.890 +05 09 53.00                          0.148 
NED OPT FIMG |          09 22 09.740 -00 32 22.40                          0.147 
NED OPT FIMG |          09 24 11.460 +02 23 21.80                          0.151 
NED OPT FIMG |          09 25 47.320 +05 02 31.70                          0.137 
NED OPT FIMG |          09 27 00.530 +08 43 29.50                          0.135 
NED OPT FIMG |          09 33 08.890 +53 47 49.00                          0.151 
NED OPT FIMG |          09 37 49.850 +58 55 22.70                          0.150 
NED OPT FIMG |          09 38 29.390 +03 48 26.70                          0.148 
NED OPT FIMG |          09 38 36.000 +38 36 13.40                          0.134 
NED OPT FIMG |          09 42 58.550 +08 38 10.10                          0.154 
NED OPT FIMG |          09 43 10.120 +60 45 59.20                          0.147 
NED OPT FIMG |          09 45 29.370 +09 36 10.40                          0.158 
NED OPT FIMG |          09 50 53.970 +63 21 45.70                          0.143 
NED OPT FIMG |          09 51 51.820 +06 01 43.70                          0.152 
NED OPT FIMG |          09 53 06.810 +36 50 28.10                          0.138 
NED OPT FIMG |          09 53 30.540 +56 26 53.50                          0.186 
NED OPT FIMG |          09 54 38.790 +40 32 04.30                          0.142 
NED OPT FIMG |          09 55 53.980 +53 48 46.10                          0.148 
NED OPT FIMG |          09 58 35.990 -00 59 42.60                          0.142 
NED OPT FIMG |          10 06 17.520 +36 57 03.10                          0.147 
NED OPT FIMG |          10 07 11.440 +58 17 14.30                          0.137 
NED OPT FIMG |          10 11 08.400 +00 29 08.70                          0.153 
NED OPT FIMG |          10 16 27.340 -00 07 14.60                          0.139 
NED OPT FIMG |          10 17 48.420 +40 51 16.40                          0.161 
NED OPT FIMG |          10 21 24.880 +01 27 20.30                          0.150 
NED OPT FIMG |          10 22 12.610 +38 37 42.80                          0.154 
NED OPT FIMG |          10 22 35.150 +02 29 30.50                          0.138 
NED OPT FIMG |          10 23 48.440 +04 05 53.70                          0.154 
NED OPT FIMG |          10 27 03.910 +48 50 23.90                          0.149 
NED OPT FIMG |          10 32 34.850 +65 02 27.90                         -1.000*
NED OPT FIMG |          10 32 47.190 +11 45 21.20                          0.133 
NED OPT FIMG |          10 36 18.780 +05 19 58.10                          0.145 
NED OPT FIMG |          10 39 28.730 +56 20 58.20                          0.191 
NED OPT FIMG |          10 42 10.030 -00 18 14.80                          0.145 
NED OPT FIMG |          10 48 42.450 +41 33 02.30                          0.148 
NED OPT FIMG |          10 51 31.910 +50 42 23.20                          0.139 
NED OPT FIMG |          10 54 24.290 +45 41 30.50                          0.136 
NED OPT FIMG |          10 57 55.670 +48 25 02.00                          0.143 
NED OPT FIMG |          11 00 36.570 +06 41 21.40                          0.152 
NED OPT FIMG |          11 00 39.660 +08 59 27.10                          0.187 
NED OPT FIMG |          11 02 58.740 +46 38 11.50                          0.135 
NED OPT FIMG |          11 05 36.350 +09 18 05.60                          0.152 
NED OPT FIMG |          11 05 40.460 +03 53 09.10                          0.139 
NED OPT FIMG |          11 07 21.890 +12 48 10.40                          0.139 
NED OPT FIMG |          11 07 53.160 -00 07 17.70                          0.146 
NED OPT FIMG |          11 08 17.770 +10 54 43.00                          0.184 
NED OPT FIMG |          11 10 09.500 +01 48 02.60                          0.153 
NED OPT FIMG |          11 10 31.610 +02 20 43.20                          0.148 
NED OPT FIMG |          11 11 39.940 +40 58 16.50                          0.163 
NED OPT FIMG |          11 13 30.250 +48 42 41.40                          0.130 
NED OPT FIMG |          11 13 50.050 +55 03 38.60                          0.150 
NED OPT FIMG |          11 14 02.170 +02 08 51.50                          0.154 
NED OPT FIMG |          11 14 43.660 +52 58 34.30                          0.133 
NED OPT FIMG |          11 16 44.650 +40 26 35.60                          0.168 
NED OPT FIMG |          11 22 02.230 +53 42 53.60                          0.148 
NED OPT FIMG |          11 23 09.170 +43 31 34.80                          0.141 
NED OPT FIMG |          11 25 26.520 +02 20 39.10                          0.160 
NED OPT FIMG |          11 26 13.040 +10 51 02.70                          0.149 
NED OPT FIMG |          11 26 28.730 +47 24 53.90                          0.136 
NED OPT FIMG |          11 26 37.740 +51 34 23.00                          0.134 
NED OPT FIMG |          11 27 13.220 +46 25 30.60                          0.144 
NED OPT FIMG |          11 27 18.750 +58 50 25.10                          0.142 
NED OPT FIMG |          11 35 45.550 +64 40 05.30                         -1.000*
NED OPT FIMG |          11 36 38.380 +42 45 53.00                          0.186 
NED OPT FIMG |          11 36 57.680 +41 13 18.50                          0.146 
NED OPT FIMG |          11 37 11.450 +12 39 51.50                          0.151 
NED OPT FIMG |          11 40 08.710 +03 07 11.40                          0.185 
NED OPT FIMG |          11 41 07.560 -02 49 10.80                          0.149 
NED OPT FIMG |          11 42 12.760 +45 10 37.60                          0.136 
NED OPT FIMG |          11 43 30.980 +64 32 48.60                          0.130*
NED OPT FIMG |          11 43 39.490 -02 43 16.30                          0.143 
NED OPT FIMG |          11 43 43.770 +55 00 19.30                          0.146 
NED OPT FIMG |          11 44 49.450 +44 23 00.50                          0.134 
NED OPT FIMG |          11 46 33.990 +10 02 45.00                          0.152 
NED OPT FIMG |          11 47 23.200 -02 50 04.70                          0.158 
NED OPT FIMG |          11 48 51.620 +51 45 28.70                          0.141 
NED OPT FIMG |          11 51 38.110 +56 13 31.90                          0.156 
NED OPT FIMG |          11 53 41.780 +46 12 42.30                          0.136 
NED OPT FIMG |          11 57 39.550 +59 34 14.30                          0.151 
NED OPT FIMG |          12 04 49.710 +51 00 43.90                          0.161 
NED OPT FIMG |          12 15 03.690 -01 32 10.60                          0.164 
NED OPT FIMG |          12 15 11.090 +45 09 45.10                          0.136 
NED OPT FIMG |          12 15 18.240 +01 47 51.20                          0.140 
NED OPT FIMG |          12 18 03.050 +50 17 28.30                          0.136 
NED OPT FIMG |          12 18 28.570 +53 31 37.00                          0.175 
NED OPT FIMG |          12 18 36.980 +09 13 23.60                          0.150 
NED OPT FIMG |          12 23 42.810 +58 14 46.20                          0.139 
NED OPT FIMG |          12 23 49.640 +07 26 57.90                          0.138 
NED OPT FIMG |          12 26 58.410 +42 18 35.30                          0.128 
NED OPT FIMG |          12 27 11.670 +63 06 46.90                          0.147 
NED OPT FIMG |          12 28 44.830 +65 42 34.50                         -1.000*
NED OPT FIMG |          12 31 52.810 +00 10 33.70                          0.141 
NED OPT FIMG |          12 33 49.920 +63 49 57.10                          0.143 
NED OPT FIMG |          12 41 18.740 +01 00 40.10                          0.149 
NED OPT FIMG |          12 42 21.620 +57 53 04.00                          0.145 
NED OPT FIMG |          12 42 26.300 +52 10 28.20                          0.138 
NED OPT FIMG |          12 47 38.520 +62 12 43.10                          0.147 
NED OPT FIMG |          12 50 55.280 -01 55 56.80                          0.154 
NED OPT FIMG |          12 53 59.220 +65 59 07.60                         -1.000*
NED OPT FIMG |          12 53 59.620 +46 27 50.10                          0.152 
NED OPT FIMG |          12 56 54.920 +49 40 54.40                          0.131 
NED OPT FIMG |          13 00 30.380 +01 02 47.50                          0.139 
NED OPT FIMG |          13 03 11.230 -00 45 32.70                          0.141 
NED OPT FIMG |          13 07 16.990 +45 06 45.30                          0.139 
NED OPT FIMG |          13 08 03.880 +50 52 26.70                          0.136 
NED OPT FIMG |          13 10 09.440 +02 33 43.70                          0.150 
NED OPT FIMG |          13 13 03.470 +63 32 35.20                          0.141 
NED OPT FIMG |          13 13 05.810 +01 27 55.90                          0.137 
NED OPT FIMG |          13 13 10.130 +05 19 42.20                          0.142 
NED OPT FIMG |          13 15 33.290 +12 22 00.50                          0.148 
NED OPT FIMG |          13 15 58.140 +13 54 14.60                          0.147 
NED OPT FIMG |          13 16 18.850 +02 14 07.50                          0.144 
NED OPT FIMG |          13 17 15.120 +48 46 30.30                          0.137 
NED OPT FIMG |          13 18 04.320 +41 17 34.60                          0.224 
NED OPT FIMG |          13 19 26.530 +10 56 11.00                          0.151 
NED OPT FIMG |          13 22 24.410 +42 26 43.40                          0.191 
NED OPT FIMG |          13 27 11.090 +65 36 18.10                         -1.000*
NED OPT FIMG |          13 29 53.440 -02 55 23.40                          0.146 
NED OPT FIMG |          13 37 04.910 +02 20 50.20                          0.141 
NED OPT FIMG |          13 39 21.950 +54 45 27.70                          0.148 
NED OPT FIMG |          13 39 28.500 +40 32 29.90                          0.140 
NED OPT FIMG |          13 41 44.520 -00 58 32.80                          0.145 
NED OPT FIMG |          13 42 49.270 +48 27 23.70                          0.140 
NED OPT FIMG |          13 45 16.780 -01 10 54.80                          0.168 
NED OPT FIMG |          13 46 32.140 +64 23 25.10                         -1.000*
NED OPT FIMG |          13 47 38.240 +47 43 01.90                          0.136 
NED OPT FIMG |          13 48 14.890 +02 13 16.30                          0.139 
NED OPT FIMG |          13 51 59.160 +02 50 34.00                          0.144 
NED OPT FIMG |          13 57 24.000 +65 41 16.60                         -1.000*
NED OPT FIMG |          13 57 24.510 +65 25 05.90                         -1.000*
NED OPT FIMG |          14 06 30.100 -00 19 39.60                          0.149 
NED OPT FIMG |          14 07 02.440 +13 55 37.70                          0.149 
NED OPT FIMG |          14 12 34.670 -00 35 00.10                          0.155 
NED OPT FIMG |          14 13 25.860 +43 41 01.30                          0.129 
NED OPT FIMG |          14 14 35.580 +00 33 12.60                          0.147 
NED OPT FIMG |          14 15 15.400 +04 36 16.00                          0.149 
NED OPT FIMG |          14 18 49.660 +46 49 43.40                          0.142 
NED OPT FIMG |          14 21 19.130 +63 13 00.20                          0.137 
NED OPT FIMG |          14 21 45.610 +62 17 13.80                          0.141 
NED OPT FIMG |          14 24 49.480 +01 23 53.60                          0.152 
NED OPT FIMG |          14 25 43.210 +34 49 52.90                          0.138 
NED OPT FIMG |          14 27 32.210 +34 30 39.10                          0.142 
NED OPT FIMG |          14 30 10.840 +57 22 02.10                          0.136 
NED OPT FIMG |          14 30 47.530 +56 57 29.10                          0.145 
NED OPT FIMG |          14 31 14.310 +45 27 05.90                          0.138 
NED OPT FIMG |          14 33 10.550 +52 58 30.50                          0.132 
NED OPT FIMG |          14 34 50.630 +03 38 42.60                          0.165 
NED OPT FIMG |          14 34 51.390 -02 24 39.80                          0.140 
NED OPT FIMG |          14 35 44.500 +57 24 27.90                          0.135 
NED OPT FIMG |          14 35 52.310 +34 13 45.50                          0.134 
NED OPT FIMG |          14 37 10.110 -01 40 54.50                          0.151 
NED OPT FIMG |          14 37 13.550 +54 58 18.70                          0.149 
NED OPT FIMG |          14 40 52.610 -02 35 06.30                          0.153 
NED OPT FIMG |          14 41 08.700 +35 19 58.80                          0.138 
NED OPT FIMG |          14 42 49.720 +61 11 37.80                          0.143 
NED OPT FIMG |          14 47 05.470 +00 36 53.20                          0.158 
NED OPT FIMG |          14 48 55.610 +57 10 39.00                          0.139 
NED OPT FIMG |          14 57 51.910 +00 00 11.50                          0.153 
NED OPT FIMG |          15 02 24.730 +45 23 53.90                          0.144 
NED OPT FIMG |          15 06 48.860 +34 13 06.80                          0.143 
NED OPT FIMG |          15 07 52.530 +51 51 11.10                          0.140 
NED OPT FIMG |          15 08 35.150 -01 31 06.30                          0.156 
NED OPT FIMG |          15 12 57.190 +03 11 36.40                          0.144 
NED OPT FIMG |          15 19 28.180 +33 36 28.10                          0.147 
NED OPT FIMG |          15 23 25.780 +39 59 02.30                          0.137 
NED OPT FIMG |          15 23 47.000 +54 17 20.40                          0.196 
NED OPT FIMG |          15 30 01.820 -02 04 15.10                          0.141 
NED OPT FIMG |          15 34 25.590 +04 08 06.70                          0.137 
NED OPT FIMG |          15 36 56.440 +31 22 48.10                          0.129 
NED OPT FIMG |          15 41 50.860 +31 00 37.20                          0.137 
NED OPT FIMG |          15 42 57.490 +03 06 53.30                          0.151 
NED OPT FIMG |          15 46 23.620 +47 51 22.20                          0.153 
NED OPT FIMG |          15 46 39.950 +44 29 30.00                          0.145 
NED OPT FIMG |          15 57 11.970 +39 09 28.90                          0.127 
NED OPT FIMG |          16 06 56.040 +37 19 17.80                          0.134 
NED OPT FIMG |          16 12 27.840 +01 01 59.90                          0.151 
NED OPT FIMG |          16 17 51.990 -00 19 57.40                         -1.000*
NED OPT FIMG |          16 18 09.380 +36 19 57.80                          0.154 
NED OPT FIMG |          16 19 27.810 +39 58 32.30                          0.130 
NED OPT FIMG |          16 24 03.640 -00 54 10.40                         -1.000*
NED OPT FIMG |          16 25 42.160 -00 43 30.20                         -1.000*
NED OPT FIMG |          16 26 36.400 +35 02 42.10                          0.136 
NED OPT FIMG |          16 31 59.590 +24 37 40.30                          0.162 
NED OPT FIMG |          16 38 43.840 +47 30 51.70                          0.150 
NED OPT FIMG |          16 40 27.630 +47 12 56.50                          0.148 
NED OPT FIMG |          16 49 02.890 +22 39 59.50                          0.134 
NED OPT FIMG |          16 49 07.630 +64 24 22.30                          0.111 
NED OPT FIMG |          17 08 12.290 +60 15 12.70                          0.151 
NED OPT FIMG |          17 09 02.070 +64 17 28.10                          0.101 
NED OPT FIMG |          17 14 57.680 +54 44 55.00                          0.152 
NED OPT FIMG |          17 20 37.150 +57 48 56.30                          0.140 
NED OPT FIMG |          17 27 59.140 +54 21 47.10                          0.148 
NED OPT FIMG |          20 50 00.010 +00 31 24.80                          0.148 
NED OPT FIMG |          20 58 22.140 -06 50 04.40                          0.142 
NED OPT FIMG |          21 02 26.540 +00 07 02.30                          0.131 
NED OPT FIMG |          21 11 45.900 +09 38 13.70                          0.128 
NED OPT FIMG |          21 14 38.550 +11 13 21.20                          0.251 
NED OPT FIMG |          21 23 29.420 -08 12 55.00                          0.154 
NED OPT FIMG |          21 34 18.320 -06 43 35.30                          0.143 
NED OPT FIMG |          22 11 39.160 -01 05 35.10                          0.150 
NED OPT FIMG |          22 14 58.230 -08 20 20.60                          0.148 
NED OPT FIMG |          22 38 11.330 +14 33 43.40                          0.144*
NED OPT FIMG |          22 56 30.070 +14 10 20.70                         -1.000*
NED OPT FIMG |          23 06 49.780 +00 50 23.40                          0.114 
NED OPT FIMG |          23 09 20.840 +15 01 34.80                         -1.000*
NED OPT FIMG |          23 09 42.430 -10 35 29.50                          0.261 
NED OPT FIMG |          23 31 08.070 -09 47 11.80                          0.195 
NED OPT FIMG |          23 38 37.090 -00 28 10.50                          0.104 
NED OPT FIMG |          23 38 53.830 +00 48 12.50                          0.097 
NED OPT FIMG |          23 48 07.140 -09 12 02.60                          0.143 
NED OPT FIMG |          23 50 59.660 +14 57 06.30                          0.137*
NED OPT FIMG |          23 51 29.980 +00 04 03.70                          0.103 
NED OPT FIMG |          23 58 33.210 +00 34 53.50                          0.100 
-------------+-------------------------------------------------------------------------------------------------------------------------------------------------------------------------------------------------------------

